   ------- BEAMDYN V1.00.* INDIVIDUAL BLADE INPUT FILE --------------------------
 Test Format 1
 ---------------------- BLADE PARAMETERS --------------------------------------
49   station_total    - Number of blade input stations (-)
 1   damp_type        - Damping type: 0: no damping; 1: damped
  ---------------------- DAMPING COEFFICIENT------------------------------------
   mu1        mu2        mu3        mu4        mu5        mu6
   (-)        (-)        (-)        (-)        (-)        (-)
1.0E-03    1.0E-03    1.0E-03     0.0014      0.0022     0.0022
 ---------------------- DISTRIBUTED PROPERTIES---------------------------------
0.0
1.9823784E+01 0.0000000E+00 0.0000000E+00 0.0000000E+00 0.0000000E+00 0.0000000E+00 
0.0000000E+00 1.9823784E+01 0.0000000E+00 0.0000000E+00 0.0000000E+00 0.0000000E+00 
0.0000000E+00 0.0000000E+00 2.5606518E+08 1.4244591E+06 -3.5854072E+01 -1.4897490E+01 
0.0000000E+00 0.0000000E+00 1.4244591E+06 8.6734104E+04 -3.0625141E+00 3.9978802E-01 
0.0000000E+00 0.0000000E+00 -3.5854072E+01 -3.0625141E+00 1.3718785E+02 2.4394250E+00 
0.0000000E+00 0.0000000E+00 -1.4897490E+01 3.9978802E-01 2.4394250E+00 1.9823784E+02 

1.9118611E-02 0.0000000E+00 0.0000000E+00 0.0000000E+00 0.0000000E+00 1.1645452E-07 
0.0000000E+00 1.9118611E-02 0.0000000E+00 0.0000000E+00 0.0000000E+00 -5.1904735E-07 
0.0000000E+00 0.0000000E+00 1.9118611E-02 -1.1645452E-07 5.1904735E-07 0.0000000E+00 
0.0000000E+00 0.0000000E+00 -1.1645452E-07 1.2093800E-05 -9.4464600E-09 0.0000000E+00 
0.0000000E+00 0.0000000E+00 5.1904735E-07 -9.4464600E-09 6.6318200E-07 0.0000000E+00 
1.1645452E-07 -5.1904735E-07 0.0000000E+00 0.0000000E+00 0.0000000E+00 1.2141700E-05 

0.00325
1.9823784E+01 0.0000000E+00 0.0000000E+00 0.0000000E+00 0.0000000E+00 0.0000000E+00 
0.0000000E+00 1.9823784E+01 0.0000000E+00 0.0000000E+00 0.0000000E+00 0.0000000E+00 
0.0000000E+00 0.0000000E+00 2.5584367E+08 1.4229287E+06 -3.6633975E+01 -1.4897490E+01 
0.0000000E+00 0.0000000E+00 1.4229287E+06 8.6660216E+04 -3.0522824E+00 3.9978802E-01 
0.0000000E+00 0.0000000E+00 -3.6633975E+01 -3.0522824E+00 1.3584448E+02 2.4394250E+00 
0.0000000E+00 0.0000000E+00 -1.4897490E+01 3.9978802E-01 2.4394250E+00 1.9823784E+02 

1.9227796E-02 0.0000000E+00 0.0000000E+00 0.0000000E+00 0.0000000E+00 -1.1025000E-06 
0.0000000E+00 1.9227796E-02 0.0000000E+00 0.0000000E+00 0.0000000E+00 -5.0548830E-07 
0.0000000E+00 0.0000000E+00 1.9227796E-02 1.1025000E-06 5.0548830E-07 0.0000000E+00 
0.0000000E+00 0.0000000E+00 1.1025000E-06 1.2145042E-05 -8.9563642E-09 0.0000000E+00 
0.0000000E+00 0.0000000E+00 5.0548830E-07 -8.9563642E-09 7.6266301E-07 0.0000000E+00 
-1.1025000E-06 -5.0548830E-07 0.0000000E+00 0.0000000E+00 0.0000000E+00 1.2059631E-05 

0.01951
1.9823784E+01 0.0000000E+00 0.0000000E+00 0.0000000E+00 0.0000000E+00 0.0000000E+00 
0.0000000E+00 1.9823784E+01 0.0000000E+00 0.0000000E+00 0.0000000E+00 0.0000000E+00 
0.0000000E+00 0.0000000E+00 2.5478558E+08 1.4156470E+06 -4.0330500E+01 -1.4897490E+01 
0.0000000E+00 0.0000000E+00 1.4156470E+06 8.6303339E+04 -3.0042061E+00 3.9978801E-01 
0.0000000E+00 0.0000000E+00 -4.0330500E+01 -3.0042061E+00 1.2934964E+02 2.4394250E+00 
0.0000000E+00 0.0000000E+00 -1.4897490E+01 3.9978801E-01 2.4394250E+00 1.9823784E+02 

1.9757180E-02 0.0000000E+00 0.0000000E+00 0.0000000E+00 0.0000000E+00 -7.2032715E-06 
0.0000000E+00 1.9757180E-02 0.0000000E+00 0.0000000E+00 0.0000000E+00 -4.3709218E-07 
0.0000000E+00 0.0000000E+00 1.9757180E-02 7.2032715E-06 4.3709218E-07 0.0000000E+00 
0.0000000E+00 0.0000000E+00 7.2032715E-06 1.2393214E-05 -6.5796053E-09 0.0000000E+00 
0.0000000E+00 0.0000000E+00 4.3709218E-07 -6.5796053E-09 1.2450320E-06 0.0000000E+00 
-7.2032715E-06 -4.3709218E-07 0.0000000E+00 0.0000000E+00 0.0000000E+00 1.1661950E-05 

0.035769999999999996
1.9823784E+01 0.0000000E+00 0.0000000E+00 0.0000000E+00 0.0000000E+00 0.0000000E+00 
0.0000000E+00 1.9823784E+01 0.0000000E+00 0.0000000E+00 0.0000000E+00 0.0000000E+00 
0.0000000E+00 0.0000000E+00 2.5386600E+08 1.4091921E+06 -4.3607438E+01 -1.4897490E+01 
0.0000000E+00 0.0000000E+00 1.4091921E+06 8.5998683E+04 -2.9654899E+00 3.9978801E-01 
0.0000000E+00 0.0000000E+00 -4.3607438E+01 -2.9654899E+00 1.2372666E+02 2.4394249E+00 
0.0000000E+00 0.0000000E+00 -1.4897490E+01 3.9978801E-01 2.4394249E+00 1.9823784E+02 

2.0214901E-02 0.0000000E+00 0.0000000E+00 0.0000000E+00 0.0000000E+00 -1.2741532E-05 
0.0000000E+00 2.0214901E-02 0.0000000E+00 0.0000000E+00 0.0000000E+00 -3.7444676E-07 
0.0000000E+00 0.0000000E+00 2.0214901E-02 1.2741532E-05 3.7444676E-07 0.0000000E+00 
0.0000000E+00 0.0000000E+00 1.2741532E-05 1.2607846E-05 -4.5248532E-09 0.0000000E+00 
0.0000000E+00 0.0000000E+00 3.7444676E-07 -4.5248532E-09 1.6620951E-06 0.0000000E+00 
-1.2741532E-05 -3.7444676E-07 0.0000000E+00 0.0000000E+00 0.0000000E+00 1.1318502E-05 

0.05203
1.9823783E+01 0.0000000E+00 0.0000000E+00 0.0000000E+00 0.0000000E+00 0.0000000E+00 
0.0000000E+00 1.9823783E+01 0.0000000E+00 0.0000000E+00 0.0000000E+00 0.0000000E+00 
0.0000000E+00 0.0000000E+00 2.5315985E+08 1.4038384E+06 -4.6359467E+01 -1.4897489E+01 
0.0000000E+00 0.0000000E+00 1.4038384E+06 8.5788388E+04 -2.9418203E+00 3.9978800E-01 
0.0000000E+00 0.0000000E+00 -4.6359467E+01 -2.9418203E+00 1.1965039E+02 2.4394249E+00 
0.0000000E+00 0.0000000E+00 -1.4897489E+01 3.9978800E-01 2.4394249E+00 1.9823783E+02 

2.0541599E-02 0.0000000E+00 0.0000000E+00 0.0000000E+00 0.0000000E+00 -1.6860140E-05 
0.0000000E+00 2.0541599E-02 0.0000000E+00 0.0000000E+00 0.0000000E+00 -3.2783362E-07 
0.0000000E+00 0.0000000E+00 2.0541599E-02 1.6860140E-05 3.2783362E-07 0.0000000E+00 
0.0000000E+00 0.0000000E+00 1.6860140E-05 1.2761820E-05 -3.0602320E-09 0.0000000E+00 
0.0000000E+00 0.0000000E+00 3.2783362E-07 -3.0602320E-09 1.9596680E-06 0.0000000E+00 
-1.6860140E-05 -3.2783362E-07 0.0000000E+00 0.0000000E+00 0.0000000E+00 1.1073877E-05 

0.06829
1.9823783E+01 0.0000000E+00 0.0000000E+00 0.0000000E+00 0.0000000E+00 0.0000000E+00 
0.0000000E+00 1.9823783E+01 0.0000000E+00 0.0000000E+00 0.0000000E+00 0.0000000E+00 
0.0000000E+00 0.0000000E+00 2.5274205E+08 1.3998606E+06 -4.8481265E+01 -1.4897489E+01 
0.0000000E+00 0.0000000E+00 1.3998606E+06 8.5714597E+04 -2.9388834E+00 3.9978800E-01 
0.0000000E+00 0.0000000E+00 -4.8481265E+01 -2.9388834E+00 1.1779569E+02 2.4394249E+00 
0.0000000E+00 0.0000000E+00 -1.4897489E+01 3.9978800E-01 2.4394249E+00 1.9823783E+02 

2.0677915E-02 0.0000000E+00 0.0000000E+00 0.0000000E+00 0.0000000E+00 -1.8658076E-05 
0.0000000E+00 2.0677915E-02 0.0000000E+00 0.0000000E+00 0.0000000E+00 -3.0813273E-07 
0.0000000E+00 0.0000000E+00 2.0677915E-02 1.8658076E-05 3.0813273E-07 0.0000000E+00 
0.0000000E+00 0.0000000E+00 1.8658076E-05 1.2828020E-05 -2.4538660E-09 0.0000000E+00 
0.0000000E+00 0.0000000E+00 3.0813273E-07 -2.4538660E-09 2.0835664E-06 0.0000000E+00 
-1.8658076E-05 -3.0813273E-07 0.0000000E+00 0.0000000E+00 0.0000000E+00 1.0972667E-05 

0.08455
1.9823783E+01 0.0000000E+00 0.0000000E+00 0.0000000E+00 0.0000000E+00 0.0000000E+00 
0.0000000E+00 1.9823783E+01 0.0000000E+00 0.0000000E+00 0.0000000E+00 0.0000000E+00 
0.0000000E+00 0.0000000E+00 2.5253827E+08 1.3969450E+06 -4.9906832E+01 -1.4897489E+01 
0.0000000E+00 0.0000000E+00 1.3969450E+06 8.5738285E+04 -2.9513594E+00 3.9978800E-01 
0.0000000E+00 0.0000000E+00 -4.9906832E+01 -2.9513594E+00 1.1751955E+02 2.4394249E+00 
0.0000000E+00 0.0000000E+00 -1.4897489E+01 3.9978800E-01 2.4394249E+00 1.9823783E+02 

2.0680361E-02 0.0000000E+00 0.0000000E+00 0.0000000E+00 0.0000000E+00 -1.8757242E-05 
0.0000000E+00 2.0680361E-02 0.0000000E+00 0.0000000E+00 0.0000000E+00 -3.0818316E-07 
0.0000000E+00 0.0000000E+00 2.0680361E-02 1.8757242E-05 3.0818316E-07 0.0000000E+00 
0.0000000E+00 0.0000000E+00 1.8757242E-05 1.2832264E-05 -2.4504955E-09 0.0000000E+00 
0.0000000E+00 0.0000000E+00 3.0818316E-07 -2.4504955E-09 2.0853750E-06 0.0000000E+00 
-1.8757242E-05 -3.0818316E-07 0.0000000E+00 0.0000000E+00 0.0000000E+00 1.0972906E-05 

0.10081
1.9823784E+01 0.0000000E+00 0.0000000E+00 0.0000000E+00 0.0000000E+00 0.0000000E+00 
0.0000000E+00 1.9823784E+01 0.0000000E+00 0.0000000E+00 0.0000000E+00 0.0000000E+00 
0.0000000E+00 0.0000000E+00 2.5238092E+08 1.3944755E+06 -5.0863714E+01 -1.4897489E+01 
0.0000000E+00 0.0000000E+00 1.3944755E+06 8.5765313E+04 -2.9665429E+00 3.9978800E-01 
0.0000000E+00 0.0000000E+00 -5.0863714E+01 -2.9665429E+00 1.1731353E+02 2.4394249E+00 
0.0000000E+00 0.0000000E+00 -1.4897489E+01 3.9978800E-01 2.4394249E+00 1.9823784E+02 

2.0681616E-02 0.0000000E+00 0.0000000E+00 0.0000000E+00 0.0000000E+00 -1.8823826E-05 
0.0000000E+00 2.0681616E-02 0.0000000E+00 0.0000000E+00 0.0000000E+00 -3.0839496E-07 
0.0000000E+00 0.0000000E+00 2.0681616E-02 1.8823826E-05 3.0839496E-07 0.0000000E+00 
0.0000000E+00 0.0000000E+00 1.8823826E-05 1.2835166E-05 -2.4508135E-09 0.0000000E+00 
0.0000000E+00 0.0000000E+00 3.0839496E-07 -2.4508135E-09 2.0862058E-06 0.0000000E+00 
-1.8823826E-05 -3.0839496E-07 0.0000000E+00 0.0000000E+00 0.0000000E+00 1.0974950E-05 

0.11707
1.9823784E+01 0.0000000E+00 0.0000000E+00 0.0000000E+00 0.0000000E+00 0.0000000E+00 
0.0000000E+00 1.9823784E+01 0.0000000E+00 0.0000000E+00 0.0000000E+00 0.0000000E+00 
0.0000000E+00 0.0000000E+00 2.5227533E+08 1.3925579E+06 -5.1701001E+01 -1.4897490E+01 
0.0000000E+00 0.0000000E+00 1.3925579E+06 8.5792853E+04 -2.9841660E+00 3.9978801E-01 
0.0000000E+00 0.0000000E+00 -5.1701001E+01 -2.9841660E+00 1.1717018E+02 2.4394250E+00 
0.0000000E+00 0.0000000E+00 -1.4897490E+01 3.9978801E-01 2.4394250E+00 1.9823784E+02 

2.0682432E-02 0.0000000E+00 0.0000000E+00 0.0000000E+00 0.0000000E+00 -1.8867151E-05 
0.0000000E+00 2.0682432E-02 0.0000000E+00 0.0000000E+00 0.0000000E+00 -3.0865615E-07 
0.0000000E+00 0.0000000E+00 2.0682432E-02 1.8867151E-05 3.0865615E-07 0.0000000E+00 
0.0000000E+00 0.0000000E+00 1.8867151E-05 1.2837060E-05 -2.4514222E-09 0.0000000E+00 
0.0000000E+00 0.0000000E+00 3.0865615E-07 -2.4514222E-09 2.0867451E-06 0.0000000E+00 
-1.8867151E-05 -3.0865615E-07 0.0000000E+00 0.0000000E+00 0.0000000E+00 1.0977213E-05 

0.13335
1.9823784E+01 0.0000000E+00 0.0000000E+00 0.0000000E+00 0.0000000E+00 0.0000000E+00 
0.0000000E+00 1.9823784E+01 0.0000000E+00 0.0000000E+00 0.0000000E+00 0.0000000E+00 
0.0000000E+00 0.0000000E+00 2.5222778E+08 1.3913007E+06 -5.2769559E+01 -1.4897490E+01 
0.0000000E+00 0.0000000E+00 1.3913007E+06 8.5818630E+04 -3.0040578E+00 3.9978801E-01 
0.0000000E+00 0.0000000E+00 -5.2769559E+01 -3.0040578E+00 1.1709052E+02 2.4394250E+00 
0.0000000E+00 0.0000000E+00 -1.4897490E+01 3.9978801E-01 2.4394250E+00 1.9823784E+02 

2.0682807E-02 0.0000000E+00 0.0000000E+00 0.0000000E+00 0.0000000E+00 -1.8887039E-05 
0.0000000E+00 2.0682807E-02 0.0000000E+00 0.0000000E+00 0.0000000E+00 -3.0896702E-07 
0.0000000E+00 0.0000000E+00 2.0682807E-02 1.8887039E-05 3.0896702E-07 0.0000000E+00 
0.0000000E+00 0.0000000E+00 1.8887039E-05 1.2837936E-05 -2.4523229E-09 0.0000000E+00 
0.0000000E+00 0.0000000E+00 3.0896702E-07 -2.4523229E-09 2.0869926E-06 0.0000000E+00 
-1.8887039E-05 -3.0896702E-07 0.0000000E+00 0.0000000E+00 0.0000000E+00 1.0978671E-05 

0.14959
1.9823784E+01 0.0000000E+00 0.0000000E+00 0.0000000E+00 0.0000000E+00 0.0000000E+00 
0.0000000E+00 1.9823784E+01 0.0000000E+00 0.0000000E+00 0.0000000E+00 0.0000000E+00 
0.0000000E+00 0.0000000E+00 2.5223043E+08 1.3906409E+06 -5.4512573E+01 -1.4897490E+01 
0.0000000E+00 0.0000000E+00 1.3906409E+06 8.5841622E+04 -3.0263151E+00 3.9978801E-01 
0.0000000E+00 0.0000000E+00 -5.4512573E+01 -3.0263151E+00 1.1706019E+02 2.4394250E+00 
0.0000000E+00 0.0000000E+00 -1.4897490E+01 3.9978801E-01 2.4394250E+00 1.9823784E+02 

2.0682832E-02 0.0000000E+00 0.0000000E+00 0.0000000E+00 0.0000000E+00 -1.8888217E-05 
0.0000000E+00 2.0682832E-02 0.0000000E+00 0.0000000E+00 0.0000000E+00 -3.0932768E-07 
0.0000000E+00 0.0000000E+00 2.0682832E-02 1.8888217E-05 3.0932768E-07 0.0000000E+00 
0.0000000E+00 0.0000000E+00 1.8888217E-05 1.2838000E-05 -2.4534831E-09 0.0000000E+00 
0.0000000E+00 0.0000000E+00 3.0932768E-07 -2.4534831E-09 2.0870081E-06 0.0000000E+00 
-1.8888217E-05 -3.0932768E-07 0.0000000E+00 0.0000000E+00 0.0000000E+00 1.0978798E-05 

0.16585000000000003
1.9823784E+01 0.0000000E+00 0.0000000E+00 0.0000000E+00 0.0000000E+00 0.0000000E+00 
0.0000000E+00 1.9823784E+01 0.0000000E+00 0.0000000E+00 0.0000000E+00 0.0000000E+00 
0.0000000E+00 0.0000000E+00 2.5223716E+08 1.3900380E+06 -5.7091899E+01 -1.4897490E+01 
0.0000000E+00 0.0000000E+00 1.3900380E+06 8.5864990E+04 -3.0510514E+00 3.9978801E-01 
0.0000000E+00 0.0000000E+00 -5.7091899E+01 -3.0510514E+00 1.1702866E+02 2.4394250E+00 
0.0000000E+00 0.0000000E+00 -1.4897490E+01 3.9978801E-01 2.4394250E+00 1.9823784E+02 

2.0682828E-02 0.0000000E+00 0.0000000E+00 0.0000000E+00 0.0000000E+00 -1.8887901E-05 
0.0000000E+00 2.0682828E-02 0.0000000E+00 0.0000000E+00 0.0000000E+00 -3.0972354E-07 
0.0000000E+00 0.0000000E+00 2.0682828E-02 1.8887901E-05 3.0972354E-07 0.0000000E+00 
0.0000000E+00 0.0000000E+00 1.8887901E-05 1.2838000E-05 -2.4547495E-09 0.0000000E+00 
0.0000000E+00 0.0000000E+00 3.0972354E-07 -2.4547495E-09 2.0870043E-06 0.0000000E+00 
-1.8887901E-05 -3.0972354E-07 0.0000000E+00 0.0000000E+00 0.0000000E+00 1.0978791E-05 

0.18211
1.9823784E+01 0.0000000E+00 0.0000000E+00 0.0000000E+00 0.0000000E+00 0.0000000E+00 
0.0000000E+00 1.9823784E+01 0.0000000E+00 0.0000000E+00 0.0000000E+00 0.0000000E+00 
0.0000000E+00 0.0000000E+00 2.5224395E+08 1.3894805E+06 -5.9719520E+01 -1.4897490E+01 
0.0000000E+00 0.0000000E+00 1.3894805E+06 8.5888084E+04 -3.0758500E+00 3.9978801E-01 
0.0000000E+00 0.0000000E+00 -5.9719520E+01 -3.0758500E+00 1.1699931E+02 2.4394250E+00 
0.0000000E+00 0.0000000E+00 -1.4897490E+01 3.9978801E-01 2.4394250E+00 1.9823784E+02 

2.0682824E-02 0.0000000E+00 0.0000000E+00 0.0000000E+00 0.0000000E+00 -1.8887591E-05 
0.0000000E+00 2.0682824E-02 0.0000000E+00 0.0000000E+00 0.0000000E+00 -3.1010950E-07 
0.0000000E+00 0.0000000E+00 2.0682824E-02 1.8887591E-05 3.1010950E-07 0.0000000E+00 
0.0000000E+00 0.0000000E+00 1.8887591E-05 1.2838000E-05 -2.4559882E-09 0.0000000E+00 
0.0000000E+00 0.0000000E+00 3.1010950E-07 -2.4559882E-09 2.0870009E-06 0.0000000E+00 
-1.8887591E-05 -3.1010950E-07 0.0000000E+00 0.0000000E+00 0.0000000E+00 1.0978786E-05 

0.19837
1.9823784E+01 0.0000000E+00 0.0000000E+00 0.0000000E+00 0.0000000E+00 0.0000000E+00 
0.0000000E+00 1.9823784E+01 0.0000000E+00 0.0000000E+00 0.0000000E+00 0.0000000E+00 
0.0000000E+00 0.0000000E+00 2.5225091E+08 1.3890076E+06 -6.1554390E+01 -1.4897490E+01 
0.0000000E+00 0.0000000E+00 1.3890076E+06 8.5909903E+04 -3.0981591E+00 3.9978801E-01 
0.0000000E+00 0.0000000E+00 -6.1554390E+01 -3.0981591E+00 1.1698033E+02 2.4394250E+00 
0.0000000E+00 0.0000000E+00 -1.4897490E+01 3.9978801E-01 2.4394250E+00 1.9823784E+02 

2.0682824E-02 0.0000000E+00 0.0000000E+00 0.0000000E+00 0.0000000E+00 -1.8887312E-05 
0.0000000E+00 2.0682824E-02 0.0000000E+00 0.0000000E+00 0.0000000E+00 -3.1043947E-07 
0.0000000E+00 0.0000000E+00 2.0682824E-02 1.8887312E-05 3.1043947E-07 0.0000000E+00 
0.0000000E+00 0.0000000E+00 1.8887312E-05 1.2838000E-05 -2.4570723E-09 0.0000000E+00 
0.0000000E+00 0.0000000E+00 3.1043947E-07 -2.4570723E-09 2.0869993E-06 0.0000000E+00 
-1.8887312E-05 -3.1043947E-07 0.0000000E+00 0.0000000E+00 0.0000000E+00 1.0978789E-05 

0.21465
1.9764609E+01 0.0000000E+00 0.0000000E+00 0.0000000E+00 0.0000000E+00 0.0000000E+00 
0.0000000E+00 1.9764609E+01 0.0000000E+00 0.0000000E+00 0.0000000E+00 0.0000000E+00 
0.0000000E+00 0.0000000E+00 2.5225817E+08 1.3886461E+06 -6.1902396E+01 -1.4717828E+01 
0.0000000E+00 0.0000000E+00 1.3886461E+06 8.5929467E+04 -3.1156856E+00 3.9351887E-01 
0.0000000E+00 0.0000000E+00 -6.1902396E+01 -3.1156856E+00 1.1697828E+02 2.3878827E+00 
0.0000000E+00 0.0000000E+00 -1.4717828E+01 3.9351887E-01 2.3878827E+00 1.9764609E+02 

2.0682830E-02 0.0000000E+00 0.0000000E+00 0.0000000E+00 0.0000000E+00 -1.8887082E-05 
0.0000000E+00 2.0682830E-02 0.0000000E+00 0.0000000E+00 0.0000000E+00 -3.1067276E-07 
0.0000000E+00 0.0000000E+00 2.0682830E-02 1.8887082E-05 3.1067276E-07 0.0000000E+00 
0.0000000E+00 0.0000000E+00 1.8887082E-05 1.2838000E-05 -2.4578969E-09 0.0000000E+00 
0.0000000E+00 0.0000000E+00 3.1067276E-07 -2.4578969E-09 2.0870009E-06 0.0000000E+00 
-1.8887082E-05 -3.1067276E-07 0.0000000E+00 0.0000000E+00 0.0000000E+00 1.0978809E-05 

0.23088999999999998
1.9147319E+01 0.0000000E+00 0.0000000E+00 0.0000000E+00 0.0000000E+00 0.0000000E+00 
0.0000000E+00 1.9147319E+01 0.0000000E+00 0.0000000E+00 0.0000000E+00 0.0000000E+00 
0.0000000E+00 0.0000000E+00 2.5226562E+08 1.3883035E+06 -6.1785252E+01 -1.2843658E+01 
0.0000000E+00 0.0000000E+00 1.3883035E+06 8.5946158E+04 -3.1293423E+00 3.2812143E-01 
0.0000000E+00 0.0000000E+00 -6.1785252E+01 -3.1293423E+00 1.1698128E+02 1.8502121E+00 
0.0000000E+00 0.0000000E+00 -1.2843658E+01 3.2812143E-01 1.8502121E+00 1.9147319E+02 

2.0682837E-02 0.0000000E+00 0.0000000E+00 0.0000000E+00 0.0000000E+00 -1.8886826E-05 
0.0000000E+00 2.0682837E-02 0.0000000E+00 0.0000000E+00 0.0000000E+00 -3.1083437E-07 
0.0000000E+00 0.0000000E+00 2.0682837E-02 1.8886826E-05 3.1083437E-07 0.0000000E+00 
0.0000000E+00 0.0000000E+00 1.8886826E-05 1.2838000E-05 -2.4585809E-09 0.0000000E+00 
0.0000000E+00 0.0000000E+00 3.1083437E-07 -2.4585809E-09 2.0870032E-06 0.0000000E+00 
-1.8886826E-05 -3.1083437E-07 0.0000000E+00 0.0000000E+00 0.0000000E+00 1.0978839E-05 

0.24715
1.8199087E+01 0.0000000E+00 0.0000000E+00 0.0000000E+00 0.0000000E+00 0.0000000E+00 
0.0000000E+00 1.8199087E+01 0.0000000E+00 0.0000000E+00 0.0000000E+00 0.0000000E+00 
0.0000000E+00 0.0000000E+00 2.5227310E+08 1.3879669E+06 -6.1620586E+01 -9.9647045E+00 
0.0000000E+00 0.0000000E+00 1.3879669E+06 8.5960384E+04 -3.1401242E+00 2.2766299E-01 
0.0000000E+00 0.0000000E+00 -6.1620586E+01 -3.1401242E+00 1.1698449E+02 1.0242847E+00 
0.0000000E+00 0.0000000E+00 -9.9647045E+00 2.2766299E-01 1.0242847E+00 1.8199087E+02 

2.0682844E-02 0.0000000E+00 0.0000000E+00 0.0000000E+00 0.0000000E+00 -1.8886568E-05 
0.0000000E+00 2.0682844E-02 0.0000000E+00 0.0000000E+00 0.0000000E+00 -3.1094226E-07 
0.0000000E+00 0.0000000E+00 2.0682844E-02 1.8886568E-05 3.1094226E-07 0.0000000E+00 
0.0000000E+00 0.0000000E+00 1.8886568E-05 1.2838000E-05 -2.4591323E-09 0.0000000E+00 
0.0000000E+00 0.0000000E+00 3.1094226E-07 -2.4591323E-09 2.0870055E-06 0.0000000E+00 
-1.8886568E-05 -3.1094226E-07 0.0000000E+00 0.0000000E+00 0.0000000E+00 1.0978869E-05 

0.26341000000000003
1.7349632E+01 0.0000000E+00 0.0000000E+00 0.0000000E+00 0.0000000E+00 0.0000000E+00 
0.0000000E+00 1.7349632E+01 0.0000000E+00 0.0000000E+00 0.0000000E+00 0.0000000E+00 
0.0000000E+00 0.0000000E+00 2.5228040E+08 1.3876586E+06 -6.1453953E+01 -7.3856519E+00 
0.0000000E+00 0.0000000E+00 1.3876586E+06 8.5972555E+04 -3.1484452E+00 1.3766931E-01 
0.0000000E+00 0.0000000E+00 -6.1453953E+01 -3.1484452E+00 1.1698719E+02 2.8439414E-01 
0.0000000E+00 0.0000000E+00 -7.3856519E+00 1.3766931E-01 2.8439414E-01 1.7349632E+02 

2.0682851E-02 0.0000000E+00 0.0000000E+00 0.0000000E+00 0.0000000E+00 -1.8886360E-05 
0.0000000E+00 2.0682851E-02 0.0000000E+00 0.0000000E+00 0.0000000E+00 -3.1100174E-07 
0.0000000E+00 0.0000000E+00 2.0682851E-02 1.8886360E-05 3.1100174E-07 0.0000000E+00 
0.0000000E+00 0.0000000E+00 1.8886360E-05 1.2838000E-05 -2.4594992E-09 0.0000000E+00 
0.0000000E+00 0.0000000E+00 3.1100174E-07 -2.4594992E-09 2.0870079E-06 0.0000000E+00 
-1.8886360E-05 -3.1100174E-07 0.0000000E+00 0.0000000E+00 0.0000000E+00 1.0978892E-05 

0.29595000000000005
1.7024393E+01 0.0000000E+00 0.0000000E+00 0.0000000E+00 0.0000000E+00 0.0000000E+00 
0.0000000E+00 1.7024393E+01 0.0000000E+00 0.0000000E+00 0.0000000E+00 0.0000000E+00 
0.0000000E+00 0.0000000E+00 2.5229297E+08 1.3871747E+06 -6.1232426E+01 -6.3981846E+00 
0.0000000E+00 0.0000000E+00 1.3871747E+06 8.5992688E+04 -3.1602383E+00 1.0321255E-01 
0.0000000E+00 0.0000000E+00 -6.1232426E+01 -3.1602383E+00 1.1698952E+02 1.1049935E-03 
0.0000000E+00 0.0000000E+00 -6.3981846E+00 1.0321255E-01 1.1049935E-03 1.7024393E+02 

2.0682864E-02 0.0000000E+00 0.0000000E+00 0.0000000E+00 0.0000000E+00 -1.8886239E-05 
0.0000000E+00 2.0682864E-02 0.0000000E+00 0.0000000E+00 0.0000000E+00 -3.1101859E-07 
0.0000000E+00 0.0000000E+00 2.0682864E-02 1.8886239E-05 3.1101859E-07 0.0000000E+00 
0.0000000E+00 0.0000000E+00 1.8886239E-05 1.2838016E-05 -2.4596368E-09 0.0000000E+00 
0.0000000E+00 0.0000000E+00 3.1101859E-07 -2.4596368E-09 2.0870126E-06 0.0000000E+00 
-1.8886239E-05 -3.1101859E-07 0.0000000E+00 0.0000000E+00 0.0000000E+00 1.0978900E-05 

0.32846
1.7024393E+01 0.0000000E+00 0.0000000E+00 0.0000000E+00 0.0000000E+00 0.0000000E+00 
0.0000000E+00 1.7024393E+01 0.0000000E+00 0.0000000E+00 0.0000000E+00 0.0000000E+00 
0.0000000E+00 0.0000000E+00 2.5230046E+08 1.3867791E+06 -6.1037813E+01 -6.3981845E+00 
0.0000000E+00 0.0000000E+00 1.3867791E+06 8.6008980E+04 -3.1697399E+00 1.0321255E-01 
0.0000000E+00 0.0000000E+00 -6.1037813E+01 -3.1697399E+00 1.1699121E+02 1.1049935E-03 
0.0000000E+00 0.0000000E+00 -6.3981845E+00 1.0321255E-01 1.1049935E-03 1.7024393E+02 

2.0682875E-02 0.0000000E+00 0.0000000E+00 0.0000000E+00 0.0000000E+00 -1.8886294E-05 
0.0000000E+00 2.0682875E-02 0.0000000E+00 0.0000000E+00 0.0000000E+00 -3.1101822E-07 
0.0000000E+00 0.0000000E+00 2.0682875E-02 1.8886294E-05 3.1101822E-07 0.0000000E+00 
0.0000000E+00 0.0000000E+00 1.8886294E-05 1.2838081E-05 -2.4596140E-09 0.0000000E+00 
0.0000000E+00 0.0000000E+00 3.1101822E-07 -2.4596140E-09 2.0870172E-06 0.0000000E+00 
-1.8886294E-05 -3.1101822E-07 0.0000000E+00 0.0000000E+00 0.0000000E+00 1.0978900E-05 

0.36098
1.7024393E+01 0.0000000E+00 0.0000000E+00 0.0000000E+00 0.0000000E+00 0.0000000E+00 
0.0000000E+00 1.7024393E+01 0.0000000E+00 0.0000000E+00 0.0000000E+00 0.0000000E+00 
0.0000000E+00 0.0000000E+00 2.5230600E+08 1.3864960E+06 -6.0882069E+01 -6.3981845E+00 
0.0000000E+00 0.0000000E+00 1.3864960E+06 8.6020388E+04 -3.1755546E+00 1.0321255E-01 
0.0000000E+00 0.0000000E+00 -6.0882069E+01 -3.1755546E+00 1.1699161E+02 1.1049935E-03 
0.0000000E+00 0.0000000E+00 -6.3981845E+00 1.0321255E-01 1.1049935E-03 1.7024393E+02 

2.0682878E-02 0.0000000E+00 0.0000000E+00 0.0000000E+00 0.0000000E+00 -1.8886376E-05 
0.0000000E+00 2.0682878E-02 0.0000000E+00 0.0000000E+00 0.0000000E+00 -3.1101956E-07 
0.0000000E+00 0.0000000E+00 2.0682878E-02 1.8886376E-05 3.1101956E-07 0.0000000E+00 
0.0000000E+00 0.0000000E+00 1.8886376E-05 1.2838090E-05 -2.4596590E-09 0.0000000E+00 
0.0000000E+00 0.0000000E+00 3.1101956E-07 -2.4596590E-09 2.0870203E-06 0.0000000E+00 
-1.8886376E-05 -3.1101956E-07 0.0000000E+00 0.0000000E+00 0.0000000E+00 1.0978900E-05 

0.3935
1.7024393E+01 0.0000000E+00 0.0000000E+00 0.0000000E+00 0.0000000E+00 0.0000000E+00 
0.0000000E+00 1.7024393E+01 0.0000000E+00 0.0000000E+00 0.0000000E+00 0.0000000E+00 
0.0000000E+00 0.0000000E+00 2.5231042E+08 1.3862989E+06 -6.0765799E+01 -6.3981846E+00 
0.0000000E+00 0.0000000E+00 1.3862989E+06 8.6028373E+04 -3.1795832E+00 1.0321255E-01 
0.0000000E+00 0.0000000E+00 -6.0765799E+01 -3.1795832E+00 1.1699161E+02 1.1049935E-03 
0.0000000E+00 0.0000000E+00 -6.3981846E+00 1.0321255E-01 1.1049935E-03 1.7024393E+02 

2.0682859E-02 0.0000000E+00 0.0000000E+00 0.0000000E+00 0.0000000E+00 -1.8886461E-05 
0.0000000E+00 2.0682859E-02 0.0000000E+00 0.0000000E+00 0.0000000E+00 -3.1102121E-07 
0.0000000E+00 0.0000000E+00 2.0682859E-02 1.8886461E-05 3.1102121E-07 0.0000000E+00 
0.0000000E+00 0.0000000E+00 1.8886461E-05 1.2838027E-05 -2.4597314E-09 0.0000000E+00 
0.0000000E+00 0.0000000E+00 3.1102121E-07 -2.4597314E-09 2.0870135E-06 0.0000000E+00 
-1.8886461E-05 -3.1102121E-07 0.0000000E+00 0.0000000E+00 0.0000000E+00 1.0978900E-05 

0.42602
1.7024393E+01 0.0000000E+00 0.0000000E+00 0.0000000E+00 0.0000000E+00 0.0000000E+00 
0.0000000E+00 1.7024393E+01 0.0000000E+00 0.0000000E+00 0.0000000E+00 0.0000000E+00 
0.0000000E+00 0.0000000E+00 2.5231273E+08 1.3861847E+06 -6.0687351E+01 -6.3981847E+00 
0.0000000E+00 0.0000000E+00 1.3861847E+06 8.6032594E+04 -3.1815111E+00 1.0321255E-01 
0.0000000E+00 0.0000000E+00 -6.0687351E+01 -3.1815111E+00 1.1699161E+02 1.1049935E-03 
0.0000000E+00 0.0000000E+00 -6.3981847E+00 1.0321255E-01 1.1049935E-03 1.7024393E+02 

2.0682850E-02 0.0000000E+00 0.0000000E+00 0.0000000E+00 0.0000000E+00 -1.8886497E-05 
0.0000000E+00 2.0682850E-02 0.0000000E+00 0.0000000E+00 0.0000000E+00 -3.1102301E-07 
0.0000000E+00 0.0000000E+00 2.0682850E-02 1.8886497E-05 3.1102301E-07 0.0000000E+00 
0.0000000E+00 0.0000000E+00 1.8886497E-05 1.2838000E-05 -2.4597963E-09 0.0000000E+00 
0.0000000E+00 0.0000000E+00 3.1102301E-07 -2.4597963E-09 2.0870100E-06 0.0000000E+00 
-1.8886497E-05 -3.1102301E-07 0.0000000E+00 0.0000000E+00 0.0000000E+00 1.0978900E-05 

0.45854999999999996
1.7024393E+01 0.0000000E+00 0.0000000E+00 0.0000000E+00 0.0000000E+00 0.0000000E+00 
0.0000000E+00 1.7024393E+01 0.0000000E+00 0.0000000E+00 0.0000000E+00 0.0000000E+00 
0.0000000E+00 0.0000000E+00 2.5231292E+08 1.3861442E+06 -6.0649621E+01 -6.3981847E+00 
0.0000000E+00 0.0000000E+00 1.3861442E+06 8.6033440E+04 -3.1816194E+00 1.0321255E-01 
0.0000000E+00 0.0000000E+00 -6.0649621E+01 -3.1816194E+00 1.1699161E+02 1.1049935E-03 
0.0000000E+00 0.0000000E+00 -6.3981847E+00 1.0321255E-01 1.1049935E-03 1.7024393E+02 

2.0682851E-02 0.0000000E+00 0.0000000E+00 0.0000000E+00 0.0000000E+00 -1.8886323E-05 
0.0000000E+00 2.0682851E-02 0.0000000E+00 0.0000000E+00 0.0000000E+00 -3.1102496E-07 
0.0000000E+00 0.0000000E+00 2.0682851E-02 1.8886323E-05 3.1102496E-07 0.0000000E+00 
0.0000000E+00 0.0000000E+00 1.8886323E-05 1.2838000E-05 -2.4598558E-09 0.0000000E+00 
0.0000000E+00 0.0000000E+00 3.1102496E-07 -2.4598558E-09 2.0870100E-06 0.0000000E+00 
-1.8886323E-05 -3.1102496E-07 0.0000000E+00 0.0000000E+00 0.0000000E+00 1.0978900E-05 

0.49106
1.7024505E+01 0.0000000E+00 0.0000000E+00 0.0000000E+00 0.0000000E+00 0.0000000E+00 
0.0000000E+00 1.7024505E+01 0.0000000E+00 0.0000000E+00 0.0000000E+00 0.0000000E+00 
0.0000000E+00 0.0000000E+00 2.5231137E+08 1.3861771E+06 -6.0650083E+01 -6.1742891E+00 
0.0000000E+00 0.0000000E+00 1.3861771E+06 8.6031256E+04 -3.1801754E+00 9.9673307E-02 
0.0000000E+00 0.0000000E+00 -6.0650083E+01 -3.1801754E+00 1.1699161E+02 8.0761217E-04 
0.0000000E+00 0.0000000E+00 -6.1742891E+00 9.9673307E-02 8.0761217E-04 1.7024505E+02 

2.0682854E-02 0.0000000E+00 0.0000000E+00 0.0000000E+00 0.0000000E+00 -1.8886219E-05 
0.0000000E+00 2.0682854E-02 0.0000000E+00 0.0000000E+00 0.0000000E+00 -3.1102691E-07 
0.0000000E+00 0.0000000E+00 2.0682854E-02 1.8886219E-05 3.1102691E-07 0.0000000E+00 
0.0000000E+00 0.0000000E+00 1.8886219E-05 1.2838000E-05 -2.4599185E-09 0.0000000E+00 
0.0000000E+00 0.0000000E+00 3.1102691E-07 -2.4599185E-09 2.0870100E-06 0.0000000E+00 
-1.8886219E-05 -3.1102691E-07 0.0000000E+00 0.0000000E+00 0.0000000E+00 1.0978900E-05 

0.52358
1.7030078E+01 0.0000000E+00 0.0000000E+00 0.0000000E+00 0.0000000E+00 0.0000000E+00 
0.0000000E+00 1.7030078E+01 0.0000000E+00 0.0000000E+00 0.0000000E+00 0.0000000E+00 
0.0000000E+00 0.0000000E+00 2.5230818E+08 1.3862935E+06 -6.0690425E+01 4.9537010E+00 
0.0000000E+00 0.0000000E+00 1.3862935E+06 8.6025757E+04 -3.1768313E+00 -7.6233226E-02 
0.0000000E+00 0.0000000E+00 -6.0690425E+01 -3.1768313E+00 1.1699161E+02 -1.3972748E-02 
0.0000000E+00 0.0000000E+00 4.9537010E+00 -7.6233226E-02 -1.3972748E-02 1.7030078E+02 

2.0682859E-02 0.0000000E+00 0.0000000E+00 0.0000000E+00 0.0000000E+00 -1.8886283E-05 
0.0000000E+00 2.0682859E-02 0.0000000E+00 0.0000000E+00 0.0000000E+00 -3.1102782E-07 
0.0000000E+00 0.0000000E+00 2.0682859E-02 1.8886283E-05 3.1102782E-07 0.0000000E+00 
0.0000000E+00 0.0000000E+00 1.8886283E-05 1.2838000E-05 -2.4599840E-09 0.0000000E+00 
0.0000000E+00 0.0000000E+00 3.1102782E-07 -2.4599840E-09 2.0870100E-06 0.0000000E+00 
-1.8886283E-05 -3.1102782E-07 0.0000000E+00 0.0000000E+00 0.0000000E+00 1.0978900E-05 

0.5561
1.7034865E+01 0.0000000E+00 0.0000000E+00 0.0000000E+00 0.0000000E+00 0.0000000E+00 
0.0000000E+00 1.7034865E+01 0.0000000E+00 0.0000000E+00 0.0000000E+00 0.0000000E+00 
0.0000000E+00 0.0000000E+00 2.5230354E+08 1.3864866E+06 -6.0765615E+01 1.4512351E+01 
0.0000000E+00 0.0000000E+00 1.3864866E+06 8.6017104E+04 -3.1717459E+00 -2.2733230E-01 
0.0000000E+00 0.0000000E+00 -6.0765615E+01 -3.1717459E+00 1.1699161E+02 -2.6668688E-02 
0.0000000E+00 0.0000000E+00 1.4512351E+01 -2.2733230E-01 -2.6668688E-02 1.7034865E+02 

2.0682862E-02 0.0000000E+00 0.0000000E+00 0.0000000E+00 0.0000000E+00 -1.8886328E-05 
0.0000000E+00 2.0682862E-02 0.0000000E+00 0.0000000E+00 0.0000000E+00 -3.1102886E-07 
0.0000000E+00 0.0000000E+00 2.0682862E-02 1.8886328E-05 3.1102886E-07 0.0000000E+00 
0.0000000E+00 0.0000000E+00 1.8886328E-05 1.2838000E-05 -2.4600495E-09 0.0000000E+00 
0.0000000E+00 0.0000000E+00 3.1102886E-07 -2.4600495E-09 2.0870100E-06 0.0000000E+00 
-1.8886328E-05 -3.1102886E-07 0.0000000E+00 0.0000000E+00 0.0000000E+00 1.0978900E-05 

0.58862
1.7034866E+01 0.0000000E+00 0.0000000E+00 0.0000000E+00 0.0000000E+00 0.0000000E+00 
0.0000000E+00 1.7034866E+01 0.0000000E+00 0.0000000E+00 0.0000000E+00 0.0000000E+00 
0.0000000E+00 0.0000000E+00 2.5229700E+08 1.3867665E+06 -6.0887935E+01 1.4513250E+01 
0.0000000E+00 0.0000000E+00 1.3867665E+06 8.6004420E+04 -3.1642614E+00 -2.2734651E-01 
0.0000000E+00 0.0000000E+00 -6.0887935E+01 -3.1642614E+00 1.1699125E+02 -2.6669883E-02 
0.0000000E+00 0.0000000E+00 1.4513250E+01 -2.2734651E-01 -2.6669883E-02 1.7034866E+02 

2.0682862E-02 0.0000000E+00 0.0000000E+00 0.0000000E+00 0.0000000E+00 -1.8886318E-05 
0.0000000E+00 2.0682862E-02 0.0000000E+00 0.0000000E+00 0.0000000E+00 -3.1103080E-07 
0.0000000E+00 0.0000000E+00 2.0682862E-02 1.8886318E-05 3.1103080E-07 0.0000000E+00 
0.0000000E+00 0.0000000E+00 1.8886318E-05 1.2838000E-05 -2.4601149E-09 0.0000000E+00 
0.0000000E+00 0.0000000E+00 3.1103080E-07 -2.4601149E-09 2.0870100E-06 0.0000000E+00 
-1.8886318E-05 -3.1103080E-07 0.0000000E+00 0.0000000E+00 0.0000000E+00 1.0978900E-05 

0.62115
1.7034866E+01 0.0000000E+00 0.0000000E+00 0.0000000E+00 0.0000000E+00 0.0000000E+00 
0.0000000E+00 1.7034866E+01 0.0000000E+00 0.0000000E+00 0.0000000E+00 0.0000000E+00 
0.0000000E+00 0.0000000E+00 2.5228835E+08 1.3871385E+06 -6.1046919E+01 1.4513250E+01 
0.0000000E+00 0.0000000E+00 1.3871385E+06 8.5987672E+04 -3.1541615E+00 -2.2734652E-01 
0.0000000E+00 0.0000000E+00 -6.1046919E+01 -3.1541615E+00 1.1699058E+02 -2.6669883E-02 
0.0000000E+00 0.0000000E+00 1.4513250E+01 -2.2734652E-01 -2.6669883E-02 1.7034866E+02 

2.0682862E-02 0.0000000E+00 0.0000000E+00 0.0000000E+00 0.0000000E+00 -1.8886309E-05 
0.0000000E+00 2.0682862E-02 0.0000000E+00 0.0000000E+00 0.0000000E+00 -3.1103273E-07 
0.0000000E+00 0.0000000E+00 2.0682862E-02 1.8886309E-05 3.1103273E-07 0.0000000E+00 
0.0000000E+00 0.0000000E+00 1.8886309E-05 1.2838000E-05 -2.4601804E-09 0.0000000E+00 
0.0000000E+00 0.0000000E+00 3.1103273E-07 -2.4601804E-09 2.0870100E-06 0.0000000E+00 
-1.8886309E-05 -3.1103273E-07 0.0000000E+00 0.0000000E+00 0.0000000E+00 1.0978900E-05 

0.65366
1.7034866E+01 0.0000000E+00 0.0000000E+00 0.0000000E+00 0.0000000E+00 0.0000000E+00 
0.0000000E+00 1.7034866E+01 0.0000000E+00 0.0000000E+00 0.0000000E+00 0.0000000E+00 
0.0000000E+00 0.0000000E+00 2.5227667E+08 1.3876256E+06 -6.1259373E+01 1.4513250E+01 
0.0000000E+00 0.0000000E+00 1.3876256E+06 8.5966902E+04 -3.1418429E+00 -2.2734652E-01 
0.0000000E+00 0.0000000E+00 -6.1259373E+01 -3.1418429E+00 1.1698916E+02 -2.6669883E-02 
0.0000000E+00 0.0000000E+00 1.4513250E+01 -2.2734652E-01 -2.6669883E-02 1.7034866E+02 

2.0682862E-02 0.0000000E+00 0.0000000E+00 0.0000000E+00 0.0000000E+00 -1.8886299E-05 
0.0000000E+00 2.0682862E-02 0.0000000E+00 0.0000000E+00 0.0000000E+00 -3.1103467E-07 
0.0000000E+00 0.0000000E+00 2.0682862E-02 1.8886299E-05 3.1103467E-07 0.0000000E+00 
0.0000000E+00 0.0000000E+00 1.8886299E-05 1.2838000E-05 -2.4602459E-09 0.0000000E+00 
0.0000000E+00 0.0000000E+00 3.1103467E-07 -2.4602459E-09 2.0870100E-06 0.0000000E+00 
-1.8886299E-05 -3.1103467E-07 0.0000000E+00 0.0000000E+00 0.0000000E+00 1.0978900E-05 

0.6861799999999999
1.7034866E+01 0.0000000E+00 0.0000000E+00 0.0000000E+00 0.0000000E+00 0.0000000E+00 
0.0000000E+00 1.7034866E+01 0.0000000E+00 0.0000000E+00 0.0000000E+00 0.0000000E+00 
0.0000000E+00 0.0000000E+00 2.5226215E+08 1.3882229E+06 -6.1557817E+01 1.4513250E+01 
0.0000000E+00 0.0000000E+00 1.3882229E+06 8.5939846E+04 -3.1248415E+00 -2.2734652E-01 
0.0000000E+00 0.0000000E+00 -6.1557817E+01 -3.1248415E+00 1.1698668E+02 -2.6669883E-02 
0.0000000E+00 0.0000000E+00 1.4513250E+01 -2.2734652E-01 -2.6669883E-02 1.7034866E+02 

2.0682863E-02 0.0000000E+00 0.0000000E+00 0.0000000E+00 0.0000000E+00 -1.8886290E-05 
0.0000000E+00 2.0682863E-02 0.0000000E+00 0.0000000E+00 0.0000000E+00 -3.1103661E-07 
0.0000000E+00 0.0000000E+00 2.0682863E-02 1.8886290E-05 3.1103661E-07 0.0000000E+00 
0.0000000E+00 0.0000000E+00 1.8886290E-05 1.2838000E-05 -2.4603113E-09 0.0000000E+00 
0.0000000E+00 0.0000000E+00 3.1103661E-07 -2.4603113E-09 2.0870100E-06 0.0000000E+00 
-1.8886290E-05 -3.1103661E-07 0.0000000E+00 0.0000000E+00 0.0000000E+00 1.0978900E-05 

0.7187
1.7034866E+01 0.0000000E+00 0.0000000E+00 0.0000000E+00 0.0000000E+00 0.0000000E+00 
0.0000000E+00 1.7034866E+01 0.0000000E+00 0.0000000E+00 0.0000000E+00 0.0000000E+00 
0.0000000E+00 0.0000000E+00 2.5224534E+08 1.3889225E+06 -6.2026052E+01 1.4513250E+01 
0.0000000E+00 0.0000000E+00 1.3889225E+06 8.5904557E+04 -3.1013797E+00 -2.2734652E-01 
0.0000000E+00 0.0000000E+00 -6.2026052E+01 -3.1013797E+00 1.1699258E+02 -2.6669883E-02 
0.0000000E+00 0.0000000E+00 1.4513250E+01 -2.2734652E-01 -2.6669883E-02 1.7034866E+02 

2.0682863E-02 0.0000000E+00 0.0000000E+00 0.0000000E+00 0.0000000E+00 -1.8886285E-05 
0.0000000E+00 2.0682863E-02 0.0000000E+00 0.0000000E+00 0.0000000E+00 -3.1103855E-07 
0.0000000E+00 0.0000000E+00 2.0682863E-02 1.8886285E-05 3.1103855E-07 0.0000000E+00 
0.0000000E+00 0.0000000E+00 1.8886285E-05 1.2838000E-05 -2.4603768E-09 0.0000000E+00 
0.0000000E+00 0.0000000E+00 3.1103855E-07 -2.4603768E-09 2.0870100E-06 0.0000000E+00 
-1.8886285E-05 -3.1103855E-07 0.0000000E+00 0.0000000E+00 0.0000000E+00 1.0978900E-05 

0.75122
1.7034866E+01 0.0000000E+00 0.0000000E+00 0.0000000E+00 0.0000000E+00 0.0000000E+00 
0.0000000E+00 1.7034866E+01 0.0000000E+00 0.0000000E+00 0.0000000E+00 0.0000000E+00 
0.0000000E+00 0.0000000E+00 2.5222263E+08 1.3898323E+06 -6.2919174E+01 1.4513250E+01 
0.0000000E+00 0.0000000E+00 1.3898323E+06 8.5861395E+04 -3.0748270E+00 -2.2734652E-01 
0.0000000E+00 0.0000000E+00 -6.2919174E+01 -3.0748270E+00 1.1701539E+02 -2.6669883E-02 
0.0000000E+00 0.0000000E+00 1.4513250E+01 -2.2734652E-01 -2.6669883E-02 1.7034866E+02 

2.0682863E-02 0.0000000E+00 0.0000000E+00 0.0000000E+00 0.0000000E+00 -1.8886288E-05 
0.0000000E+00 2.0682863E-02 0.0000000E+00 0.0000000E+00 0.0000000E+00 -3.1104048E-07 
0.0000000E+00 0.0000000E+00 2.0682863E-02 1.8886288E-05 3.1104048E-07 0.0000000E+00 
0.0000000E+00 0.0000000E+00 1.8886288E-05 1.2838000E-05 -2.4604423E-09 0.0000000E+00 
0.0000000E+00 0.0000000E+00 3.1104048E-07 -2.4604423E-09 2.0870100E-06 0.0000000E+00 
-1.8886288E-05 -3.1104048E-07 0.0000000E+00 0.0000000E+00 0.0000000E+00 1.0978900E-05 

0.78376
1.7232222E+01 0.0000000E+00 0.0000000E+00 0.0000000E+00 0.0000000E+00 0.0000000E+00 
0.0000000E+00 1.7232222E+01 0.0000000E+00 0.0000000E+00 0.0000000E+00 0.0000000E+00 
0.0000000E+00 0.0000000E+00 2.5222576E+08 1.3910507E+06 -6.4281028E+01 1.6488021E+01 
0.0000000E+00 0.0000000E+00 1.3910507E+06 8.5815891E+04 -3.0477890E+00 -1.6492045E-01 
0.0000000E+00 0.0000000E+00 -6.4281028E+01 -3.0477890E+00 1.1707014E+02 -2.9227025E-01 
0.0000000E+00 0.0000000E+00 1.6488021E+01 -1.6492045E-01 -2.9227025E-01 1.7232222E+02 

2.0682863E-02 0.0000000E+00 0.0000000E+00 0.0000000E+00 0.0000000E+00 -1.8886284E-05 
0.0000000E+00 2.0682863E-02 0.0000000E+00 0.0000000E+00 0.0000000E+00 -3.1104216E-07 
0.0000000E+00 0.0000000E+00 2.0682863E-02 1.8886284E-05 3.1104216E-07 0.0000000E+00 
0.0000000E+00 0.0000000E+00 1.8886284E-05 1.2838000E-05 -2.4605078E-09 0.0000000E+00 
0.0000000E+00 0.0000000E+00 3.1104216E-07 -2.4605078E-09 2.0870100E-06 0.0000000E+00 
-1.8886284E-05 -3.1104216E-07 0.0000000E+00 0.0000000E+00 0.0000000E+00 1.0978900E-05 

0.81626
1.8113564E+01 0.0000000E+00 0.0000000E+00 0.0000000E+00 0.0000000E+00 0.0000000E+00 
0.0000000E+00 1.8113564E+01 0.0000000E+00 0.0000000E+00 0.0000000E+00 0.0000000E+00 
0.0000000E+00 0.0000000E+00 2.5231898E+08 1.3935386E+06 -6.7074940E+01 2.5199622E+01 
0.0000000E+00 0.0000000E+00 1.3935386E+06 8.5758215E+04 -3.0179779E+00 1.1156162E-01 
0.0000000E+00 0.0000000E+00 -6.7074940E+01 -3.0179779E+00 1.1725224E+02 -1.4674152E+00 
0.0000000E+00 0.0000000E+00 2.5199622E+01 1.1156162E-01 -1.4674152E+00 1.8113564E+02 

2.0682864E-02 0.0000000E+00 0.0000000E+00 0.0000000E+00 0.0000000E+00 -1.8886273E-05 
0.0000000E+00 2.0682864E-02 0.0000000E+00 0.0000000E+00 0.0000000E+00 -3.1104294E-07 
0.0000000E+00 0.0000000E+00 2.0682864E-02 1.8886273E-05 3.1104294E-07 0.0000000E+00 
0.0000000E+00 0.0000000E+00 1.8886273E-05 1.2838000E-05 -2.4605732E-09 0.0000000E+00 
0.0000000E+00 0.0000000E+00 3.1104294E-07 -2.4605732E-09 2.0870100E-06 0.0000000E+00 
-1.8886273E-05 -3.1104294E-07 0.0000000E+00 0.0000000E+00 0.0000000E+00 1.0978900E-05 

0.84878
1.8984117E+01 0.0000000E+00 0.0000000E+00 0.0000000E+00 0.0000000E+00 0.0000000E+00 
0.0000000E+00 1.8984117E+01 0.0000000E+00 0.0000000E+00 0.0000000E+00 0.0000000E+00 
0.0000000E+00 0.0000000E+00 2.5428075E+08 1.4071234E+06 -7.0663338E+01 3.1884404E+01 
0.0000000E+00 0.0000000E+00 1.4071234E+06 8.6307904E+04 -3.0164253E+00 3.1535838E-01 
0.0000000E+00 0.0000000E+00 -7.0663338E+01 -3.0164253E+00 1.1835215E+02 -2.3465233E+00 
0.0000000E+00 0.0000000E+00 3.1884404E+01 3.1535838E-01 -2.3465233E+00 1.8984117E+02 

2.0682864E-02 0.0000000E+00 0.0000000E+00 0.0000000E+00 0.0000000E+00 -1.8886265E-05 
0.0000000E+00 2.0682864E-02 0.0000000E+00 0.0000000E+00 0.0000000E+00 -3.1104365E-07 
0.0000000E+00 0.0000000E+00 2.0682864E-02 1.8886265E-05 3.1104365E-07 0.0000000E+00 
0.0000000E+00 0.0000000E+00 1.8886265E-05 1.2838000E-05 -2.4606286E-09 0.0000000E+00 
0.0000000E+00 0.0000000E+00 3.1104365E-07 -2.4606286E-09 2.0870100E-06 0.0000000E+00 
-1.8886265E-05 -3.1104365E-07 0.0000000E+00 0.0000000E+00 0.0000000E+00 1.0978900E-05 

0.8813
2.0169673E+01 0.0000000E+00 0.0000000E+00 0.0000000E+00 0.0000000E+00 0.0000000E+00 
0.0000000E+00 2.0169673E+01 0.0000000E+00 0.0000000E+00 0.0000000E+00 0.0000000E+00 
0.0000000E+00 0.0000000E+00 2.7068205E+08 1.5048901E+06 -7.7385526E+01 3.2050914E+01 
0.0000000E+00 0.0000000E+00 1.5048901E+06 9.1562571E+04 -3.2227380E+00 2.5638598E-01 
0.0000000E+00 0.0000000E+00 -7.7385526E+01 -3.2227380E+00 1.2648606E+02 -2.1881134E+00 
0.0000000E+00 0.0000000E+00 3.2050914E+01 2.5638598E-01 -2.1881134E+00 2.0169673E+02 

2.0682864E-02 0.0000000E+00 0.0000000E+00 0.0000000E+00 0.0000000E+00 -1.8886267E-05 
0.0000000E+00 2.0682864E-02 0.0000000E+00 0.0000000E+00 0.0000000E+00 -3.1104351E-07 
0.0000000E+00 0.0000000E+00 2.0682864E-02 1.8886267E-05 3.1104351E-07 0.0000000E+00 
0.0000000E+00 0.0000000E+00 1.8886267E-05 1.2838000E-05 -2.4606249E-09 0.0000000E+00 
0.0000000E+00 0.0000000E+00 3.1104351E-07 -2.4606249E-09 2.0870100E-06 0.0000000E+00 
-1.8886267E-05 -3.1104351E-07 0.0000000E+00 0.0000000E+00 0.0000000E+00 1.0978900E-05 

0.8975599999999999
2.0932687E+01 0.0000000E+00 0.0000000E+00 0.0000000E+00 0.0000000E+00 0.0000000E+00 
0.0000000E+00 2.0932687E+01 0.0000000E+00 0.0000000E+00 0.0000000E+00 0.0000000E+00 
0.0000000E+00 0.0000000E+00 2.8381923E+08 1.5817694E+06 -8.1643159E+01 3.3124983E+01 
0.0000000E+00 0.0000000E+00 1.5817694E+06 9.5811662E+04 -3.3927738E+00 2.6826287E-01 
0.0000000E+00 0.0000000E+00 -8.1643159E+01 -3.3927738E+00 1.3295464E+02 -2.2706885E+00 
0.0000000E+00 0.0000000E+00 3.3124983E+01 2.6826287E-01 -2.2706885E+00 2.0932687E+02 

2.0682864E-02 0.0000000E+00 0.0000000E+00 0.0000000E+00 0.0000000E+00 -1.8886268E-05 
0.0000000E+00 2.0682864E-02 0.0000000E+00 0.0000000E+00 0.0000000E+00 -3.1104339E-07 
0.0000000E+00 0.0000000E+00 2.0682864E-02 1.8886268E-05 3.1104339E-07 0.0000000E+00 
0.0000000E+00 0.0000000E+00 1.8886268E-05 1.2838000E-05 -2.4606195E-09 0.0000000E+00 
0.0000000E+00 0.0000000E+00 3.1104339E-07 -2.4606195E-09 2.0870100E-06 0.0000000E+00 
-1.8886268E-05 -3.1104339E-07 0.0000000E+00 0.0000000E+00 0.0000000E+00 1.0978900E-05 

0.9138200000000001
2.5641436E+01 0.0000000E+00 0.0000000E+00 0.0000000E+00 0.0000000E+00 0.0000000E+00 
0.0000000E+00 2.5641436E+01 0.0000000E+00 0.0000000E+00 0.0000000E+00 0.0000000E+00 
0.0000000E+00 0.0000000E+00 3.0960811E+08 1.7239372E+06 -8.7350804E+01 5.2209426E+01 
0.0000000E+00 0.0000000E+00 1.7239372E+06 1.0433819E+05 -3.6953017E+00 1.6164917E+00 
0.0000000E+00 0.0000000E+00 -8.7350804E+01 -3.6953017E+00 1.4553995E+02 -6.6930297E+00 
0.0000000E+00 0.0000000E+00 5.2209426E+01 1.6164917E+00 -6.6930297E+00 2.5641436E+02 

2.0820404E-02 0.0000000E+00 0.0000000E+00 0.0000000E+00 0.0000000E+00 -1.6648786E-05 
0.0000000E+00 2.0820404E-02 0.0000000E+00 0.0000000E+00 0.0000000E+00 -3.2160132E-07 
0.0000000E+00 0.0000000E+00 2.0820404E-02 1.6648786E-05 3.2160132E-07 0.0000000E+00 
0.0000000E+00 0.0000000E+00 1.6648786E-05 1.2909029E-05 -2.7900881E-09 0.0000000E+00 
0.0000000E+00 0.0000000E+00 3.2160132E-07 -2.7900881E-09 2.0743426E-06 0.0000000E+00 
-1.6648786E-05 -3.2160132E-07 0.0000000E+00 0.0000000E+00 0.0000000E+00 1.1071678E-05 

0.9300799999999999
4.5255879E+01 0.0000000E+00 0.0000000E+00 0.0000000E+00 0.0000000E+00 0.0000000E+00 
0.0000000E+00 4.5255879E+01 0.0000000E+00 0.0000000E+00 0.0000000E+00 0.0000000E+00 
0.0000000E+00 0.0000000E+00 3.7631672E+08 2.0749364E+06 -9.7606070E+01 1.3279152E+02 
0.0000000E+00 0.0000000E+00 2.0749364E+06 1.2674422E+05 -4.4107614E+00 7.7948085E+00 
0.0000000E+00 0.0000000E+00 -9.7606070E+01 -4.4107614E+00 1.7789486E+02 -2.6573228E+01 
0.0000000E+00 0.0000000E+00 1.3279152E+02 7.7948085E+00 -2.6573228E+01 4.5255879E+02 

2.1628598E-02 0.0000000E+00 0.0000000E+00 0.0000000E+00 0.0000000E+00 -5.6409068E-06 
0.0000000E+00 2.1628598E-02 0.0000000E+00 0.0000000E+00 0.0000000E+00 -3.8700282E-07 
0.0000000E+00 0.0000000E+00 2.1628598E-02 5.6409068E-06 3.8700282E-07 0.0000000E+00 
0.0000000E+00 0.0000000E+00 5.6409068E-06 1.3342880E-05 -4.7752521E-09 0.0000000E+00 
0.0000000E+00 0.0000000E+00 3.8700282E-07 -4.7752521E-09 2.0021363E-06 0.0000000E+00 
-5.6409068E-06 -3.8700282E-07 0.0000000E+00 0.0000000E+00 0.0000000E+00 1.1637631E-05 

0.9382100000000001
5.7820621E+01 0.0000000E+00 0.0000000E+00 0.0000000E+00 0.0000000E+00 0.0000000E+00 
0.0000000E+00 5.7820621E+01 0.0000000E+00 0.0000000E+00 0.0000000E+00 0.0000000E+00 
0.0000000E+00 0.0000000E+00 4.1688211E+08 2.2869968E+06 -1.0348926E+02 1.8439026E+02 
0.0000000E+00 0.0000000E+00 2.2869968E+06 1.4039805E+05 -4.8401105E+00 1.1778486E+01 
0.0000000E+00 0.0000000E+00 -1.0348926E+02 -4.8401105E+00 1.9755382E+02 -3.9371164E+01 
0.0000000E+00 0.0000000E+00 1.8439026E+02 1.1778486E+01 -3.9371164E+01 5.7820621E+02 

2.2282066E-02 0.0000000E+00 0.0000000E+00 0.0000000E+00 0.0000000E+00 1.6795718E-06 
0.0000000E+00 2.2282066E-02 0.0000000E+00 0.0000000E+00 0.0000000E+00 -4.4365257E-07 
0.0000000E+00 0.0000000E+00 2.2282066E-02 -1.6795718E-06 4.4365257E-07 0.0000000E+00 
0.0000000E+00 0.0000000E+00 -1.6795718E-06 1.3706474E-05 -6.4185793E-09 0.0000000E+00 
0.0000000E+00 0.0000000E+00 4.4365257E-07 -6.4185793E-09 1.9454840E-06 0.0000000E+00 
1.6795718E-06 -4.4365257E-07 0.0000000E+00 0.0000000E+00 0.0000000E+00 1.2111381E-05 

0.9463600000000002
7.0335178E+01 0.0000000E+00 0.0000000E+00 0.0000000E+00 0.0000000E+00 0.0000000E+00 
0.0000000E+00 7.0335178E+01 0.0000000E+00 0.0000000E+00 0.0000000E+00 0.0000000E+00 
0.0000000E+00 0.0000000E+00 4.5691188E+08 2.4960445E+06 -1.0925849E+02 2.3574884E+02 
0.0000000E+00 0.0000000E+00 2.4960445E+06 1.5387590E+05 -5.2627371E+00 1.5748826E+01 
0.0000000E+00 0.0000000E+00 -1.0925849E+02 -5.2627371E+00 2.1695121E+02 -5.2122249E+01 
0.0000000E+00 0.0000000E+00 2.3574884E+02 1.5748826E+01 -5.2122249E+01 7.0335178E+02 

2.3089964E-02 0.0000000E+00 0.0000000E+00 0.0000000E+00 0.0000000E+00 9.1235004E-06 
0.0000000E+00 2.3089964E-02 0.0000000E+00 0.0000000E+00 0.0000000E+00 -5.1821173E-07 
0.0000000E+00 0.0000000E+00 2.3089964E-02 -9.1235004E-06 5.1821173E-07 0.0000000E+00 
0.0000000E+00 0.0000000E+00 -9.1235004E-06 1.4168331E-05 -8.4870944E-09 0.0000000E+00 
0.0000000E+00 0.0000000E+00 5.1821173E-07 -8.4870944E-09 1.8771111E-06 0.0000000E+00 
9.1235004E-06 -5.1821173E-07 0.0000000E+00 0.0000000E+00 0.0000000E+00 1.2712650E-05 

0.9544700000000002
8.1272783E+01 0.0000000E+00 0.0000000E+00 0.0000000E+00 0.0000000E+00 0.0000000E+00 
0.0000000E+00 8.1272783E+01 0.0000000E+00 0.0000000E+00 0.0000000E+00 0.0000000E+00 
0.0000000E+00 0.0000000E+00 4.9204587E+08 2.6796960E+06 -1.1439945E+02 2.8058056E+02 
0.0000000E+00 0.0000000E+00 2.6796960E+06 1.6570156E+05 -5.6340641E+00 1.9213561E+01 
0.0000000E+00 0.0000000E+00 -1.1439945E+02 -5.6340641E+00 2.3397907E+02 -6.3250015E+01 
0.0000000E+00 0.0000000E+00 2.8058056E+02 1.9213561E+01 -6.3250015E+01 8.1272783E+02 

2.4035325E-02 0.0000000E+00 0.0000000E+00 0.0000000E+00 0.0000000E+00 1.5623246E-05 
0.0000000E+00 2.4035325E-02 0.0000000E+00 0.0000000E+00 0.0000000E+00 -6.1178725E-07 
0.0000000E+00 0.0000000E+00 2.4035325E-02 -1.5623246E-05 6.1178725E-07 0.0000000E+00 
0.0000000E+00 0.0000000E+00 -1.5623246E-05 1.4724120E-05 -1.0953378E-08 0.0000000E+00 
0.0000000E+00 0.0000000E+00 6.1178725E-07 -1.0953378E-08 1.7991791E-06 0.0000000E+00 
1.5623246E-05 -6.1178725E-07 0.0000000E+00 0.0000000E+00 0.0000000E+00 1.3435579E-05 

0.9626
8.9283260E+01 0.0000000E+00 0.0000000E+00 0.0000000E+00 0.0000000E+00 0.0000000E+00 
0.0000000E+00 8.9283260E+01 0.0000000E+00 0.0000000E+00 0.0000000E+00 0.0000000E+00 
0.0000000E+00 0.0000000E+00 5.1848856E+08 2.8185173E+06 -1.1847952E+02 3.1332309E+02 
0.0000000E+00 0.0000000E+00 2.8185173E+06 1.7458893E+05 -5.9154753E+00 2.1736429E+01 
0.0000000E+00 0.0000000E+00 -1.1847952E+02 -5.9154753E+00 2.4680308E+02 -7.1357852E+01 
0.0000000E+00 0.0000000E+00 3.1332309E+02 2.1736429E+01 -7.1357852E+01 8.9283260E+02 

2.5114147E-02 0.0000000E+00 0.0000000E+00 0.0000000E+00 0.0000000E+00 1.9989588E-05 
0.0000000E+00 2.5114147E-02 0.0000000E+00 0.0000000E+00 0.0000000E+00 -7.2696832E-07 
0.0000000E+00 0.0000000E+00 2.5114147E-02 -1.9989588E-05 7.2696832E-07 0.0000000E+00 
0.0000000E+00 0.0000000E+00 -1.9989588E-05 1.5377021E-05 -1.3823511E-08 0.0000000E+00 
0.0000000E+00 0.0000000E+00 7.2696832E-07 -1.3823511E-08 1.7127658E-06 0.0000000E+00 
1.9989588E-05 -7.2696832E-07 0.0000000E+00 0.0000000E+00 0.0000000E+00 1.4284089E-05 

0.97073
9.3635903E+01 0.0000000E+00 0.0000000E+00 0.0000000E+00 0.0000000E+00 0.0000000E+00 
0.0000000E+00 9.3635903E+01 0.0000000E+00 0.0000000E+00 0.0000000E+00 0.0000000E+00 
0.0000000E+00 0.0000000E+00 5.3376158E+08 2.8994052E+06 -1.2106983E+02 3.3102813E+02 
0.0000000E+00 0.0000000E+00 2.8994052E+06 1.7970710E+05 -6.0804333E+00 2.3090527E+01 
0.0000000E+00 0.0000000E+00 -1.2106983E+02 -6.0804333E+00 2.5421964E+02 -7.5716552E+01 
0.0000000E+00 0.0000000E+00 3.3102813E+02 2.3090527E+01 -7.5716552E+01 9.3635903E+02 

2.6755565E-02 0.0000000E+00 0.0000000E+00 0.0000000E+00 0.0000000E+00 1.6188924E-05 
0.0000000E+00 2.6755565E-02 0.0000000E+00 0.0000000E+00 0.0000000E+00 -9.7667240E-07 
0.0000000E+00 0.0000000E+00 2.6755565E-02 -1.6188924E-05 9.7667240E-07 0.0000000E+00 
0.0000000E+00 0.0000000E+00 -1.6188924E-05 2.0160959E-05 -2.0896991E-08 0.0000000E+00 
0.0000000E+00 0.0000000E+00 9.7667240E-07 -2.0896991E-08 1.6066962E-06 0.0000000E+00 
1.6188924E-05 -9.7667240E-07 0.0000000E+00 0.0000000E+00 0.0000000E+00 1.9266815E-05 

0.9788600000000001
9.5659403E+01 0.0000000E+00 0.0000000E+00 0.0000000E+00 0.0000000E+00 0.0000000E+00 
0.0000000E+00 9.5659403E+01 0.0000000E+00 0.0000000E+00 0.0000000E+00 0.0000000E+00 
0.0000000E+00 0.0000000E+00 5.4068099E+08 2.9358826E+06 -1.2217314E+02 3.3930501E+02 
0.0000000E+00 0.0000000E+00 2.9358826E+06 1.8202958E+05 -6.1547264E+00 2.3725173E+01 
0.0000000E+00 0.0000000E+00 -1.2217314E+02 -6.1547264E+00 2.5757705E+02 -7.7758453E+01 
0.0000000E+00 0.0000000E+00 3.3930501E+02 2.3725173E+01 -7.7758453E+01 9.5659403E+02 

2.9989596E-02 0.0000000E+00 0.0000000E+00 0.0000000E+00 0.0000000E+00 -1.0589045E-05 
0.0000000E+00 2.9989596E-02 0.0000000E+00 0.0000000E+00 0.0000000E+00 -1.6938105E-06 
0.0000000E+00 0.0000000E+00 2.9989596E-02 1.0589045E-05 1.6938105E-06 0.0000000E+00 
0.0000000E+00 0.0000000E+00 1.0589045E-05 3.8392155E-05 -4.1009347E-08 0.0000000E+00 
0.0000000E+00 0.0000000E+00 1.6938105E-06 -4.1009347E-08 1.4504095E-06 0.0000000E+00 
-1.0589045E-05 -1.6938105E-06 0.0000000E+00 0.0000000E+00 0.0000000E+00 3.7645954E-05 

0.98699
9.5480258E+01 0.0000000E+00 0.0000000E+00 0.0000000E+00 0.0000000E+00 0.0000000E+00 
0.0000000E+00 9.5480258E+01 0.0000000E+00 0.0000000E+00 0.0000000E+00 0.0000000E+00 
0.0000000E+00 0.0000000E+00 5.3984832E+08 2.9312924E+06 -1.2196003E+02 3.3862018E+02 
0.0000000E+00 0.0000000E+00 2.9312924E+06 1.8175448E+05 -6.1452318E+00 2.3674741E+01 
0.0000000E+00 0.0000000E+00 -1.2196003E+02 -6.1452318E+00 2.5716996E+02 -7.7594906E+01 
0.0000000E+00 0.0000000E+00 3.3862018E+02 2.3674741E+01 -7.7594906E+01 9.5480258E+02 

3.4496166E-02 0.0000000E+00 0.0000000E+00 0.0000000E+00 0.0000000E+00 -6.6009147E-05 
0.0000000E+00 3.4496166E-02 0.0000000E+00 0.0000000E+00 0.0000000E+00 -2.9699295E-06 
0.0000000E+00 0.0000000E+00 3.4496166E-02 6.6009147E-05 2.9699295E-06 0.0000000E+00 
0.0000000E+00 0.0000000E+00 6.6009147E-05 6.6861416E-05 -7.1191500E-08 0.0000000E+00 
0.0000000E+00 0.0000000E+00 2.9699295E-06 -7.1191500E-08 1.2513465E-06 0.0000000E+00 
-6.6009147E-05 -2.9699295E-06 0.0000000E+00 0.0000000E+00 0.0000000E+00 6.6237405E-05 

0.99512
9.3124390E+01 0.0000000E+00 0.0000000E+00 0.0000000E+00 0.0000000E+00 0.0000000E+00 
0.0000000E+00 9.3124390E+01 0.0000000E+00 0.0000000E+00 0.0000000E+00 0.0000000E+00 
0.0000000E+00 0.0000000E+00 5.3164925E+08 2.8879384E+06 -1.2060043E+02 3.2901495E+02 
0.0000000E+00 0.0000000E+00 2.8879384E+06 1.7900534E+05 -6.0568387E+00 2.2939593E+01 
0.0000000E+00 0.0000000E+00 -1.2060043E+02 -6.0568387E+00 2.5318964E+02 -7.5228816E+01 
0.0000000E+00 0.0000000E+00 3.2901495E+02 2.2939593E+01 -7.5228816E+01 9.3124390E+02 

3.9877418E-02 0.0000000E+00 0.0000000E+00 0.0000000E+00 0.0000000E+00 -1.5465197E-04 
0.0000000E+00 3.9877418E-02 0.0000000E+00 0.0000000E+00 0.0000000E+00 -4.8621651E-06 
0.0000000E+00 0.0000000E+00 3.9877418E-02 1.5465197E-04 4.8621651E-06 0.0000000E+00 
0.0000000E+00 0.0000000E+00 1.5465197E-04 1.0164362E-04 -1.0779853E-07 0.0000000E+00 
0.0000000E+00 0.0000000E+00 4.8621651E-06 -1.0779853E-07 1.0191861E-06 0.0000000E+00 
-1.5465197E-04 -4.8621651E-06 0.0000000E+00 0.0000000E+00 0.0000000E+00 1.0114558E-04 

1.0
9.0675663E+01 0.0000000E+00 0.0000000E+00 0.0000000E+00 0.0000000E+00 0.0000000E+00 
0.0000000E+00 9.0675663E+01 0.0000000E+00 0.0000000E+00 0.0000000E+00 0.0000000E+00 
0.0000000E+00 0.0000000E+00 5.2335048E+08 2.8442575E+06 -1.1930445E+02 3.1898245E+02 
0.0000000E+00 0.0000000E+00 2.8442575E+06 1.7621839E+05 -5.9679237E+00 2.2169625E+01 
0.0000000E+00 0.0000000E+00 -1.1930445E+02 -5.9679237E+00 2.4916399E+02 -7.2751973E+01 
0.0000000E+00 0.0000000E+00 3.1898245E+02 2.2169625E+01 -7.2751973E+01 9.0675663E+02 

4.3361959E-02 0.0000000E+00 0.0000000E+00 0.0000000E+00 0.0000000E+00 -2.2414522E-04 
0.0000000E+00 4.3361959E-02 0.0000000E+00 0.0000000E+00 0.0000000E+00 -6.2874783E-06 
0.0000000E+00 0.0000000E+00 4.3361959E-02 2.2414522E-04 6.2874783E-06 0.0000000E+00 
0.0000000E+00 0.0000000E+00 2.2414522E-04 1.2391950E-04 -1.3134015E-07 0.0000000E+00 
0.0000000E+00 0.0000000E+00 6.2874783E-06 -1.3134015E-07 8.6796626E-07 0.0000000E+00 
-2.2414522E-04 -6.2874783E-06 0.0000000E+00 0.0000000E+00 0.0000000E+00 1.2351117E-04 